2.9528505802 3.0870711803 3.1541814804 3.2884018421 3.2212917805 3.1541814804 3.4226224422 3.4897327423 2.8857405186 2.6172995567 3.2884018421 3.4226224422 2.8186302185 2.5501892567 3.0199608803 3.6239531040 3.9595043659 3.8252837658 3.4897327423 3.4897327423
3.5568428040 3.4226224422 3.1541814804 3.2884018421 2.8857405186 2.3488585949 3.1541814804 3.9595043659 3.5568428040 3.3555121422 3.6239531040 3.4897327423 3.0870711803 2.9528505802 3.2212917805 3.9595043659 4.2950553894 3.6910634041 3.0870711803 3.1541814804
3.8252837658 3.3555121422 2.9528505802 3.2212917805 2.9528505802 2.6844096184 3.1541814804 3.5568428040 3.6239531040 3.7581737041 3.6239531040 3.2884018421 3.6239531040 3.8923940659 3.5568428040 3.3555121422 3.6239531040 3.3555121422 3.0870711803 3.2884018421
3.6239531040 2.9528505802 2.4830789566 2.8857405186 3.4226224422 3.4897327423 3.0870711803 2.8857405186 3.0870711803 3.4226224422 3.4226224422 3.4226224422 3.5568428040 3.8252837658 3.8252837658 3.4897327423 3.0199608803 3.1541814804 3.9595043659 3.8923940659
3.3555121422 2.8186302185 2.2817482948 2.6172995567 3.3555121422 3.4226224422 3.0199608803 2.8857405186 2.8186302185 2.7515199184 3.4226224422 3.8252837658 3.0870711803 2.8186302185 4.0937247276 4.4292759895 3.0870711803 3.0870711803 4.3621659279 3.8252837658
3.0199608803 2.6844096184 2.4830789566 2.8186302185 3.1541814804 3.0870711803 3.2884018421 3.4897327423 3.0199608803 2.6844096184 3.2884018421 3.7581737041 3.0870711803 2.6172995567 3.6910634041 4.2950553894 3.4897327423 3.2212917805 3.7581737041 3.5568428040
2.3488585949 2.2817482948 2.8186302185 3.2884018421 3.4226224422 3.4226224422 3.3555121422 3.2884018421 3.3555121422 3.4897327423 3.0870711803 2.9528505802 3.4226224422 3.3555121422 2.9528505802 3.2212917805 3.7581737041 3.4897327423 3.2884018421 3.7581737041
2.1475276947 2.4159686565 2.9528505802 3.0870711803 3.2884018421 3.5568428040 2.9528505802 2.5501892567 3.5568428040 4.2279453278 3.1541814804 2.4830789566 3.2884018421 3.5568428040 2.6844096184 2.8186302185 3.8923940659 3.8923940659 3.4226224422 3.6910634041
2.7515199184 3.0199608803 2.8857405186 2.4159686565 2.7515199184 3.3555121422 3.0199608803 2.8857405186 3.6910634041 4.0266146660 3.4897327423 3.2884018421 3.3555121422 3.0199608803 2.8186302185 3.2884018421 4.0266146660 4.1608352661 3.6239531040 3.1541814804
3.0870711803 3.0870711803 2.7515199184 2.4159686565 2.8857405186 3.4226224422 3.6910634041 3.8252837658 3.4897327423 3.0870711803 3.6239531040 4.2279453278 3.5568428040 2.6844096184 3.0199608803 3.7581737041 3.8923940659 3.6910634041 3.3555121422 3.1541814804
2.8186302185 2.8857405186 2.8857405186 3.0870711803 3.0870711803 3.2212917805 3.7581737041 3.8252837658 2.8857405186 2.5501892567 3.4897327423 3.9595043659 3.1541814804 2.6844096184 3.0870711803 3.3555121422 3.0199608803 2.6172995567 2.6844096184 3.4226224422
3.2884018421 3.2212917805 3.0870711803 3.0199608803 2.6172995567 2.6844096184 3.2884018421 3.4226224422 2.8857405186 2.6172995567 2.8857405186 2.9528505802 2.8186302185 2.7515199184 2.5501892567 2.3488585949 2.4159686565 2.3488585949 2.4830789566 3.1541814804
4.0266146660 3.4897327423 2.8186302185 2.5501892567 2.5501892567 2.8857405186 3.2212917805 3.4226224422 3.2884018421 2.6844096184 2.2146379948 2.6844096184 3.3555121422 2.9528505802 2.2817482948 2.6844096184 3.1541814804 3.0199608803 3.0199608803 3.0870711803
3.6910634041 3.2212917805 2.7515199184 2.8857405186 3.2884018421 3.3555121422 3.1541814804 3.1541814804 3.0870711803 2.6172995567 2.4830789566 3.2884018421 3.6910634041 3.1541814804 3.2884018421 4.0937247276 3.9595043659 3.4897327423 3.4226224422 3.4897327423
2.9528505802 3.2212917805 3.1541814804 3.2212917805 3.2884018421 2.9528505802 2.6172995567 2.8186302185 2.8857405186 2.9528505802 3.3555121422 3.6239531040 3.1541814804 3.1541814804 3.8252837658 3.8923940659 3.4897327423 3.3555121422 3.3555121422 3.5568428040
3.2212917805 3.4897327423 3.0870711803 2.9528505802 2.8186302185 2.4830789566 2.6844096184 3.2884018421 3.2884018421 3.3555121422 3.7581737041 3.3555121422 2.5501892567 2.7515199184 2.8186302185 2.3488585949 2.6844096184 3.2884018421 3.0199608803 3.2884018421
3.5568428040 3.0870711803 2.4830789566 2.8857405186 3.0199608803 2.8186302185 3.2884018421 3.6910634041 3.0199608803 2.8857405186 3.2884018421 2.9528505802 2.2817482948 2.3488585949 2.3488585949 2.4830789566 2.9528505802 3.2212917805 2.9528505802 3.3555121422
3.1541814804 2.5501892567 2.3488585949 3.0870711803 3.2884018421 3.2212917805 3.4226224422 3.0870711803 2.0133073330 2.0133073330 2.8186302185 2.8857405186 2.4159686565 2.5501892567 3.2884018421 3.7581737041 3.4226224422 3.0199608803 3.0870711803 3.3555121422
2.9528505802 2.7515199184 2.8186302185 3.0199608803 3.2212917805 3.2884018421 3.2212917805 2.8186302185 2.2146379948 2.0804176331 2.5501892567 3.0199608803 3.0199608803 3.0199608803 3.4897327423 3.8923940659 3.4897327423 2.8186302185 2.9528505802 3.0199608803
3.0199608803 3.0199608803 3.0870711803 3.1541814804 3.0870711803 2.9528505802 3.2884018421 3.6910634041 3.4897327423 2.5501892567 2.2146379948 3.0870711803 3.6239531040 3.0199608803 2.5501892567 3.1541814804 3.5568428040 2.9528505802 2.6172995567 2.8186302185
3.0199608803 2.7515199184 3.0199608803 3.3555121422 2.6844096184 1.8790868521 2.7515199184 4.0937247276 3.9595043659 2.6172995567 2.2817482948 3.2884018421 3.6239531040 2.5501892567 2.0804176331 2.9528505802 3.6910634041 3.2212917805 2.8186302185 3.4226224422
3.2212917805 2.5501892567 2.6172995567 3.0870711803 2.4830789566 1.5435355902 2.0804176331 3.4897327423 3.4226224422 2.5501892567 2.9528505802 3.8252837658 3.2212917805 2.2817482948 2.4830789566 2.9528505802 3.2212917805 3.3555121422 3.4226224422 3.9595043659
3.2212917805 2.2817482948 2.2817482948 3.1541814804 3.6239531040 3.0870711803 2.5501892567 2.9528505802 2.8186302185 2.6172995567 3.3555121422 3.7581737041 2.6844096184 2.2146379948 2.6844096184 2.7515199184 2.8186302185 3.3555121422 3.4897327423 3.2212917805
2.6844096184 2.0804176331 2.4830789566 3.4226224422 4.2279453278 4.2950553894 3.5568428040 3.0199608803 2.8186302185 2.6844096184 2.7515199184 2.8186302185 2.4159686565 2.3488585949 2.8186302185 3.2884018421 3.4897327423 3.4226224422 2.7515199184 2.0133073330
2.6844096184 2.3488585949 2.4159686565 2.8186302185 3.2212917805 3.5568428040 3.4897327423 3.0870711803 3.0870711803 3.0870711803 2.3488585949 2.2817482948 3.0870711803 3.1541814804 3.1541814804 4.0937247276 4.4292759895 3.3555121422 2.4159686565 2.2146379948
