23.0284481049 23.0284481049 23.1977748871 23.7057552338 24.7217159271 24.7217159271 24.5523891449 24.3830623627 25.2296962738 25.2296962738 24.7217159271 24.7217159271 26.7536373138 26.7536373138 27.0922908783 25.0603694916 25.2296962738 25.2296962738 27.7695980072 29.1242122650 29.2935390472 29.2935390472 28.2775783539 27.7695980072 28.6162319183 28.6162319183 29.6321926117 30.4788265228 30.9868087769 30.9868087769
23.0284481049 23.0284481049 23.1977748871 23.7057552338 24.7217159271 24.7217159271 24.5523891449 24.3830623627 25.2296962738 25.2296962738 24.7217159271 24.7217159271 26.7536373138 26.7536373138 27.0922908783 25.0603694916 25.2296962738 25.2296962738 27.7695980072 29.1242122650 29.2935390472 29.2935390472 28.2775783539 27.7695980072 28.6162319183 28.6162319183 29.6321926117 30.4788265228 30.9868087769 30.9868087769
26.0763301849 26.0763301849 24.7217159271 24.2137355804 25.3990230560 25.3990230560 24.2137355804 24.0444087982 25.9070034027 25.9070034027 24.3830623627 22.8591213226 25.7376766205 25.7376766205 28.1082515717 27.2616176605 26.4149837494 26.4149837494 26.5843105316 27.4309444427 28.6162319183 28.6162319183 28.9548854828 29.2935390472 30.4788265228 30.4788265228 30.6481552124 29.9708461761 30.8174819946 30.8174819946
25.0603694916 25.0603694916 23.7057552338 24.5523891449 24.3830623627 24.3830623627 23.7057552338 26.0763301849 27.6002712250 27.6002712250 25.5683498383 23.0284481049 23.7057552338 23.7057552338 25.7376766205 27.2616176605 27.0922908783 27.0922908783 26.9229640961 27.7695980072 28.9548854828 28.9548854828 29.4628658295 29.8015193939 30.8174819946 30.8174819946 31.3254623413 30.6481552124 30.3094997406 30.3094997406
23.0284481049 23.0284481049 23.7057552338 24.3830623627 23.3671016693 23.3671016693 24.0444087982 26.2456569672 27.9389247894 27.9389247894 28.9548854828 26.9229640961 22.8591213226 22.8591213226 22.1818141937 25.2296962738 28.1082515717 28.1082515717 29.4628658295 30.4788265228 30.9868087769 30.9868087769 29.9708461761 28.9548854828 30.3094997406 30.3094997406 32.3414230347 31.6641159058 29.8015193939 29.8015193939
23.0284481049 23.0284481049 23.7057552338 24.3830623627 23.3671016693 23.3671016693 24.0444087982 26.2456569672 27.9389247894 27.9389247894 28.9548854828 26.9229640961 22.8591213226 22.8591213226 22.1818141937 25.2296962738 28.1082515717 28.1082515717 29.4628658295 30.4788265228 30.9868087769 30.9868087769 29.9708461761 28.9548854828 30.3094997406 30.3094997406 32.3414230347 31.6641159058 29.8015193939 29.8015193939
24.5523891449 24.5523891449 26.4149837494 25.9070034027 25.5683498383 25.5683498383 25.5683498383 24.5523891449 25.7376766205 25.7376766205 29.9708461761 30.3094997406 25.3990230560 25.3990230560 23.3671016693 26.7536373138 29.8015193939 29.8015193939 30.1401729584 30.4788265228 29.9708461761 29.9708461761 28.2775783539 28.1082515717 30.1401729584 30.1401729584 30.9868087769 30.3094997406 29.6321926117 29.6321926117
24.7217159271 24.7217159271 27.7695980072 28.9548854828 27.6002712250 27.6002712250 25.3990230560 24.2137355804 24.2137355804 24.2137355804 26.4149837494 29.4628658295 29.6321926117 29.6321926117 29.1242122650 30.3094997406 29.4628658295 29.4628658295 27.2616176605 27.7695980072 27.7695980072 27.7695980072 26.4149837494 27.7695980072 29.8015193939 29.8015193939 29.4628658295 29.6321926117 29.9708461761 29.9708461761
20.6578712463 20.6578712463 24.8910427094 28.7855587006 26.2456569672 26.2456569672 24.0444087982 25.2296962738 24.5523891449 24.5523891449 24.0444087982 27.6002712250 30.8174819946 30.8174819946 30.9868087769 29.9708461761 27.6002712250 27.6002712250 25.7376766205 27.0922908783 28.7855587006 28.7855587006 28.9548854828 28.6162319183 28.6162319183 28.6162319183 30.1401729584 32.0027694702 31.4947891235 31.4947891235
20.6578712463 20.6578712463 24.8910427094 28.7855587006 26.2456569672 26.2456569672 24.0444087982 25.2296962738 24.5523891449 24.5523891449 24.0444087982 27.6002712250 30.8174819946 30.8174819946 30.9868087769 29.9708461761 27.6002712250 27.6002712250 25.7376766205 27.0922908783 28.7855587006 28.7855587006 28.9548854828 28.6162319183 28.6162319183 28.6162319183 30.1401729584 32.0027694702 31.4947891235 31.4947891235
20.1498908997 20.1498908997 22.1818141937 25.5683498383 25.7376766205 25.7376766205 25.9070034027 26.2456569672 26.0763301849 26.0763301849 26.5843105316 27.9389247894 28.4469051361 28.4469051361 28.2775783539 27.7695980072 27.7695980072 27.7695980072 28.6162319183 29.2935390472 30.8174819946 30.8174819946 32.1720962524 30.4788265228 27.4309444427 27.4309444427 29.1242122650 32.8494033813 33.1880569458 33.1880569458
26.0763301849 26.0763301849 24.0444087982 24.2137355804 27.4309444427 27.4309444427 29.1242122650 27.4309444427 27.4309444427 27.4309444427 28.9548854828 28.7855587006 28.1082515717 28.1082515717 29.6321926117 30.1401729584 29.6321926117 29.6321926117 30.6481552124 31.8334426880 31.6641159058 31.6641159058 31.4947891235 30.8174819946 28.6162319183 28.6162319183 27.6002712250 29.6321926117 32.1720962524 32.1720962524
26.0763301849 26.0763301849 24.0444087982 24.2137355804 27.4309444427 27.4309444427 29.1242122650 27.4309444427 27.4309444427 27.4309444427 28.9548854828 28.7855587006 28.1082515717 28.1082515717 29.6321926117 30.1401729584 29.6321926117 29.6321926117 30.6481552124 31.8334426880 31.6641159058 31.6641159058 31.4947891235 30.8174819946 28.6162319183 28.6162319183 27.6002712250 29.6321926117 32.1720962524 32.1720962524
28.9548854828 28.9548854828 25.3990230560 24.3830623627 26.9229640961 26.9229640961 28.4469051361 27.9389247894 27.4309444427 27.4309444427 27.0922908783 27.7695980072 30.6481552124 30.6481552124 33.5267105103 32.1720962524 28.7855587006 28.7855587006 29.1242122650 32.1720962524 32.5107498169 32.5107498169 30.3094997406 30.1401729584 31.8334426880 31.8334426880 30.6481552124 28.4469051361 29.4628658295 29.4628658295
23.5364284515 23.5364284515 23.3671016693 25.0603694916 24.5523891449 24.5523891449 25.3990230560 27.7695980072 27.2616176605 27.2616176605 25.3990230560 27.0922908783 30.3094997406 30.3094997406 29.6321926117 26.7536373138 26.0763301849 26.0763301849 28.1082515717 30.1401729584 31.3254623413 31.3254623413 30.3094997406 29.1242122650 31.3254623413 31.3254623413 34.0346908569 32.3414230347 29.9708461761 29.9708461761
19.6419105530 19.6419105530 23.7057552338 26.4149837494 23.5364284515 23.5364284515 24.2137355804 27.4309444427 27.6002712250 27.6002712250 27.6002712250 29.1242122650 27.4309444427 27.4309444427 22.8591213226 22.0124874115 26.0763301849 26.0763301849 28.9548854828 28.7855587006 29.6321926117 29.6321926117 29.2935390472 25.0603694916 25.0603694916 25.0603694916 31.8334426880 34.8813247681 31.8334426880 31.8334426880
19.6419105530 19.6419105530 23.7057552338 26.4149837494 23.5364284515 23.5364284515 24.2137355804 27.4309444427 27.6002712250 27.6002712250 27.6002712250 29.1242122650 27.4309444427 27.4309444427 22.8591213226 22.0124874115 26.0763301849 26.0763301849 28.9548854828 28.7855587006 29.6321926117 29.6321926117 29.2935390472 25.0603694916 25.0603694916 25.0603694916 31.8334426880 34.8813247681 31.8334426880 31.8334426880
24.8910427094 24.8910427094 27.4309444427 26.2456569672 23.1977748871 23.1977748871 23.3671016693 25.0603694916 27.0922908783 27.0922908783 29.6321926117 30.6481552124 28.4469051361 28.4469051361 25.9070034027 25.9070034027 27.2616176605 27.2616176605 28.2775783539 30.1401729584 30.8174819946 30.8174819946 26.0763301849 19.9805641174 22.0124874115 22.0124874115 29.2935390472 32.3414230347 30.9868087769 30.9868087769
29.9708461761 29.9708461761 29.1242122650 26.4149837494 24.0444087982 24.0444087982 22.1818141937 23.5364284515 26.7536373138 26.7536373138 27.6002712250 27.6002712250 29.9708461761 29.9708461761 32.0027694702 29.8015193939 25.9070034027 25.9070034027 26.4149837494 30.6481552124 29.9708461761 29.9708461761 22.5204677582 21.5045051575 27.6002712250 27.6002712250 30.8174819946 30.4788265228 31.1561355591 31.1561355591
27.9389247894 27.9389247894 29.2935390472 29.6321926117 25.9070034027 25.9070034027 23.1977748871 26.2456569672 27.9389247894 27.9389247894 24.3830623627 22.5204677582 25.5683498383 25.5683498383 28.9548854828 28.2775783539 24.8910427094 24.8910427094 24.7217159271 27.2616176605 25.2296962738 25.2296962738 22.0124874115 27.7695980072 33.3573837280 33.3573837280 32.3414230347 31.1561355591 33.1880569458 33.1880569458
27.9389247894 27.9389247894 29.2935390472 29.6321926117 25.9070034027 25.9070034027 23.1977748871 26.2456569672 27.9389247894 27.9389247894 24.3830623627 22.5204677582 25.5683498383 25.5683498383 28.9548854828 28.2775783539 24.8910427094 24.8910427094 24.7217159271 27.2616176605 25.2296962738 25.2296962738 22.0124874115 27.7695980072 33.3573837280 33.3573837280 32.3414230347 31.1561355591 33.1880569458 33.1880569458
26.2456569672 26.2456569672 30.8174819946 31.3254623413 26.5843105316 26.5843105316 25.5683498383 28.2775783539 27.6002712250 27.6002712250 24.8910427094 22.3511409760 20.9965248108 20.9965248108 24.2137355804 28.4469051361 26.5843105316 26.5843105316 23.8750820160 24.8910427094 25.0603694916 25.0603694916 25.7376766205 30.3094997406 32.5107498169 32.5107498169 30.3094997406 29.8015193939 31.8334426880 31.8334426880
