122.5471878052 136.0843811035 143.2092132568 145.7029113770 150.6902923584 149.2653198242 142.4967346191 144.2779388428 145.3466644287 135.3718872070 128.9595336914 134.6594085693 138.9343109131 138.5780639648 140.7155151367 143.5654602051 144.9904174805 145.3466644287 144.9904174805 142.1404876709 135.3718872070 130.0282592773 136.0843811035 147.8403625488 148.9090881348 140.0030364990
122.9034271240 132.8782043457 142.4967346191 141.7842407227 144.2779388428 146.7716369629 141.0717620850 142.4967346191 150.6902923584 146.4153900146 138.5780639648 140.3592834473 140.0030364990 135.7281341553 136.7968597412 139.2905578613 141.0717620850 141.0717620850 135.0156555176 134.3031616211 141.0717620850 136.7968597412 128.9595336914 139.2905578613 154.6089477539 155.6776733398
130.3845062256 132.8782043457 139.6467895508 132.5219573975 131.8094787598 150.3340454102 160.3088226318 156.7463989258 158.5276031494 156.0339202881 139.6467895508 128.6033020020 131.0969848633 136.0843811035 136.0843811035 134.6594085693 140.7155151367 151.0465240479 149.6215667725 143.5654602051 148.9090881348 151.7590179443 143.2092132568 142.8529663086 149.6215667725 147.1278686523
132.5219573975 140.3592834473 146.0591430664 143.5654602051 141.0717620850 151.0465240479 162.0900268555 155.6776733398 146.4153900146 148.1965942383 144.6341857910 134.3031616211 138.9343109131 153.1839752197 154.2527008057 148.1965942383 152.1152496338 160.3088226318 159.2400970459 152.8277435303 148.9090881348 147.1278686523 146.7716369629 148.5528411865 145.3466644287 136.4406127930
138.5780639648 145.3466644287 142.1404876709 144.6341857910 138.5780639648 128.6033020020 137.5093383789 144.6341857910 139.2905578613 152.1152496338 170.6398315430 158.8838500977 144.2779388428 151.0465240479 154.2527008057 148.1965942383 147.8403625488 146.0591430664 143.5654602051 150.6902923584 151.7590179443 141.0717620850 142.1404876709 153.5402221680 156.0339202881 154.2527008057
138.9343109131 124.3283920288 112.5724182129 122.9034271240 127.1783294678 123.6159133911 137.8655853271 151.7590179443 149.6215667725 156.7463989258 166.7211761475 150.6902923584 126.1096038818 121.8347015381 125.0408782959 124.3283920288 126.8220901489 131.0969848633 136.4406127930 145.7029113770 150.6902923584 149.2653198242 151.7590179443 157.1026458740 159.5963287354 163.8712310791
129.3157806396 115.7785949707 119.6972503662 135.3718872070 145.3466644287 149.6215667725 152.4714965820 150.3340454102 143.5654602051 135.7281341553 132.1657104492 133.9469299316 133.2344360352 127.5345687866 124.3283920288 125.0408782959 132.5219573975 149.9778137207 159.5963287354 148.9090881348 141.7842407227 153.5402221680 161.0213012695 154.2527008057 149.2653198242 148.9090881348
139.2905578613 145.7029113770 156.0339202881 154.9651947021 149.6215667725 145.7029113770 136.0843811035 129.3157806396 132.5219573975 133.5906829834 135.7281341553 150.6902923584 162.4462738037 158.5276031494 153.5402221680 153.8964691162 157.8151245117 171.3523101807 179.9021148682 164.5837249756 148.5528411865 153.1839752197 158.1713714600 151.0465240479 148.1965942383 149.2653198242
148.5528411865 145.3466644287 136.7968597412 130.0282592773 130.0282592773 130.0282592773 124.6846389771 127.1783294678 140.7155151367 147.8403625488 146.0591430664 148.5528411865 152.8277435303 155.3214263916 162.0900268555 164.2274780273 149.9778137207 142.8529663086 155.3214263916 161.7337799072 153.8964691162 151.7590179443 151.7590179443 145.7029113770 148.9090881348 162.0900268555
142.1404876709 132.1657104492 122.1909408569 125.3971176147 135.0156555176 136.4406127930 130.3845062256 129.3157806396 138.5780639648 146.7716369629 146.7716369629 148.5528411865 152.4714965820 155.3214263916 163.5149993896 162.0900268555 134.3031616211 110.4349670410 117.5597991943 133.5906829834 141.7842407227 151.7590179443 153.5402221680 143.2092132568 147.1278686523 165.6524505615
156.7463989258 157.4588775635 159.5963287354 153.8964691162 146.4153900146 147.8403625488 151.0465240479 148.5528411865 152.1152496338 162.4462738037 164.5837249756 162.0900268555 161.7337799072 156.0339202881 148.5528411865 145.7029113770 135.7281341553 117.5597991943 114.3536224365 130.0282592773 147.4841156006 156.3901519775 156.7463989258 153.1839752197 153.8964691162 162.0900268555
102.5976409912 107.9412689209 121.1222152710 114.7098693848 101.8851623535 107.5850296021 120.0534896851 123.2596664429 126.1096038818 133.9469299316 135.7281341553 130.7407531738 130.7407531738 131.0969848633 127.1783294678 131.8094787598 138.5780639648 127.8908157349 118.9847640991 135.3718872070 149.9778137207 142.8529663086 140.7155151367 148.5528411865 142.8529663086 136.0843811035
112.2161712646 107.2287902832 104.3788528442 91.1979064941 78.7294387817 72.6733322144 69.4671554565 71.6046066284 77.3044738770 80.8668899536 83.7168273926 87.2792434692 86.2105178833 83.7168273926 86.5667648315 92.6228713989 90.8416671753 80.5106506348 76.5919876099 84.7855529785 86.5667648315 79.0856857300 81.2231369019 87.2792434692 85.4980392456 88.3479690552
180.9708404541 175.6272125244 157.4588775635 143.2092132568 141.7842407227 135.7281341553 118.2722854614 107.2287902832 109.7224807739 110.4349670410 108.2975158691 111.1474456787 105.4475784302 87.9917297363 77.3044738770 71.2483673096 56.2862091064 45.9551963806 52.3675460815 57.3549346924 49.1613693237 44.5302276611 51.6550636292 60.2048683167 67.3297042847 73.0295715332
180.9708404541 179.1896362305 174.5584869385 178.1209106445 190.9456176758 201.6328735352 198.4266967773 186.3144683838 182.7520599365 185.2457427979 183.4645385742 179.5458831787 172.0648040771 153.8964691162 140.0030364990 137.1531066895 131.0969848633 127.8908157349 138.2218322754 142.4967346191 133.5906829834 131.4532318115 136.0843811035 138.5780639648 142.1404876709 143.2092132568
157.4588775635 154.6089477539 164.9399566650 175.6272125244 180.2583618164 187.3831939697 196.2892456055 194.1517944336 182.3958129883 179.1896362305 186.6707153320 186.3144683838 172.4210357666 164.2274780273 174.5584869385 184.8895111084 183.8207855225 188.8081665039 198.7829284668 196.2892456055 193.4393005371 201.6328735352 198.4266967773 182.0395660400 181.6833343506 189.5206451416
160.6650543213 160.6650543213 169.5711059570 174.9147338867 169.2148590088 164.2274780273 166.3649291992 164.2274780273 152.8277435303 148.5528411865 158.8838500977 162.4462738037 151.7590179443 153.5402221680 173.4897613525 178.4771575928 168.1461334229 172.0648040771 181.6833343506 175.9834594727 175.9834594727 190.5893707275 186.6707153320 164.9399566650 162.8025054932 177.4084320068
165.6524505615 164.9399566650 161.0213012695 162.0900268555 164.2274780273 160.6650543213 151.0465240479 142.4967346191 147.8403625488 159.5963287354 158.5276031494 151.7590179443 158.1713714600 169.5711059570 169.5711059570 161.3775482178 157.8151245117 159.9525756836 161.3775482178 157.4588775635 156.7463989258 162.4462738037 163.8712310791 154.6089477539 149.2653198242 155.6776733398
156.3901519775 154.2527008057 146.4153900146 147.1278686523 154.9651947021 154.2527008057 141.7842407227 138.2218322754 157.8151245117 174.9147338867 163.1587524414 146.7716369629 158.1713714600 173.4897613525 167.4336547852 162.0900268555 168.1461334229 168.5023803711 162.0900268555 159.9525756836 156.7463989258 155.3214263916 162.8025054932 165.6524505615 156.3901519775 151.7590179443
141.0717620850 147.4841156006 146.0591430664 147.1278686523 152.1152496338 146.4153900146 140.0030364990 149.6215667725 161.3775482178 161.0213012695 153.5402221680 146.7716369629 145.3466644287 152.8277435303 162.8025054932 165.6524505615 158.8838500977 154.6089477539 158.5276031494 159.9525756836 152.8277435303 153.8964691162 167.0774078369 170.9960784912 160.6650543213 155.6776733398
138.5780639648 147.8403625488 146.4153900146 149.6215667725 154.6089477539 147.1278686523 145.7029113770 158.5276031494 158.1713714600 147.8403625488 151.0465240479 153.5402221680 141.7842407227 141.4280090332 157.8151245117 158.1713714600 142.1404876709 142.1404876709 158.5276031494 163.1587524414 155.6776733398 157.4588775635 164.2274780273 164.5837249756 162.8025054932 162.4462738037
152.4714965820 153.5402221680 149.9778137207 151.0465240479 152.4714965820 149.9778137207 151.7590179443 155.6776733398 154.2527008057 154.2527008057 159.2400970459 154.2527008057 143.2092132568 144.2779388428 150.6902923584 147.8403625488 146.0591430664 154.9651947021 162.0900268555 163.5149993896 167.7899017334 166.0086822510 153.1839752197 150.3340454102 162.0900268555 161.0213012695
158.1713714600 157.8151245117 162.4462738037 156.3901519775 148.9090881348 155.6776733398 162.4462738037 158.1713714600 157.1026458740 162.4462738037 161.7337799072 154.6089477539 151.7590179443 151.4027709961 147.1278686523 149.2653198242 162.8025054932 167.4336547852 156.0339202881 155.3214263916 170.6398315430 168.5023803711 147.8403625488 142.1404876709 151.0465240479 143.9216918945
147.8403625488 153.1839752197 161.7337799072 153.1839752197 151.7590179443 166.3649291992 169.9273529053 163.1587524414 164.2274780273 162.8025054932 157.8151245117 163.1587524414 169.9273529053 162.0900268555 155.6776733398 167.4336547852 178.1209106445 171.3523101807 160.6650543213 161.3775482178 164.5837249756 161.0213012695 154.6089477539 148.1965942383 139.6467895508 120.4097366333
141.7842407227 147.1278686523 149.9778137207 146.0591430664 157.1026458740 170.9960784912 164.5837249756 157.8151245117 164.5837249756 163.1587524414 156.3901519775 166.7211761475 176.6959381104 169.9273529053 171.3523101807 184.5332641602 182.3958129883 172.7772827148 177.0521850586 176.6959381104 157.4588775635 147.1278686523 152.1152496338 145.7029113770 124.3283920288 92.6228713989
147.8403625488 149.2653198242 152.8277435303 153.1839752197 159.5963287354 168.1461334229 164.5837249756 156.0339202881 158.8838500977 163.8712310791 161.3775482178 162.0900268555 168.1461334229 172.7772827148 178.4771575928 181.3270874023 172.7772827148 165.2962036133 170.6398315430 168.1461334229 147.1278686523 131.4532318115 130.3845062256 122.9034271240 99.0352249146 69.4671554565
153.5402221680 154.2527008057 160.6650543213 163.8712310791 161.0213012695 167.0774078369 175.2709808350 166.7211761475 155.6776733398 159.9525756836 163.5149993896 158.5276031494 162.0900268555 173.1335296631 174.2022552490 166.7211761475 160.3088226318 152.4714965820 144.6341857910 141.0717620850 133.2344360352 118.9847640991 110.7912063599 106.8725433350 95.1165695190 86.5667648315
