21.6365795135 22.0526676178 19.8335323334 20.2496204376 23.3009319305 23.5783233643 19.8335323334 17.8917865753 21.2204914093 22.8848438263 19.5561389923 18.3078746796 21.0817966461 21.2204914093 18.8626594543 20.6657085419 22.6074523926 19.8335323334 18.5852680206 20.9430999756 21.3591880798 20.1109237671
23.0235404968 23.4396286011 18.4465713501 15.9500427246 19.0013561249 21.4978828430 19.1400508881 17.7530918121 21.0817966461 21.4978828430 18.3078746796 19.2787475586 21.3591880798 18.5852680206 17.1983070374 21.4978828430 21.9139709473 17.7530918121 17.6143951416 20.3883152008 22.0526676178 21.7752761841
18.8626594543 20.6657085419 19.9722270966 17.4756984711 16.5048274994 16.9209156036 17.8917865753 19.5561389923 20.2496204376 18.5852680206 18.4465713501 22.3300590515 22.0526676178 17.6143951416 18.5852680206 23.4396286011 21.6365795135 17.4756984711 19.2787475586 21.6365795135 20.8044033051 20.6657085419
15.6726503372 18.0304832458 20.2496204376 19.8335323334 16.7822189331 14.8404750824 17.8917865753 21.0817966461 19.1400508881 16.9209156036 19.9722270966 24.1331081390 22.7461471558 18.4465713501 18.5852680206 22.4687557220 22.6074523926 20.3883152008 19.9722270966 20.6657085419 19.9722270966 20.3883152008
15.3952589035 13.0374259949 13.8696022034 18.5852680206 19.9722270966 18.0304832458 18.8626594543 21.0817966461 19.9722270966 19.1400508881 22.3300590515 22.8848438263 20.2496204376 18.1691799164 17.6143951416 18.1691799164 20.5270118713 22.4687557220 19.6948356628 20.1109237671 22.1913642883 20.3883152008
16.9209156036 14.7017784119 11.5117702484 15.9500427246 19.4174442291 16.5048274994 16.9209156036 22.1913642883 23.4396286011 21.4978828430 21.2204914093 20.1109237671 18.1691799164 18.1691799164 17.1983070374 15.2565622330 18.1691799164 21.9139709473 19.1400508881 18.5852680206 20.9430999756 20.6657085419
20.5270118713 20.2496204376 14.8404750824 15.6726503372 17.0596103668 14.2856903076 16.5048274994 21.9139709473 23.9944114685 22.8848438263 19.8335323334 18.0304832458 18.5852680206 19.4174442291 17.7530918121 16.0887393951 18.3078746796 21.6365795135 21.7752761841 18.7239627838 17.8917865753 21.7752761841
21.0817966461 20.9430999756 17.7530918121 17.0596103668 17.6143951416 15.9500427246 17.0596103668 20.3883152008 21.4978828430 20.6657085419 18.5852680206 18.1691799164 19.0013561249 20.2496204376 21.2204914093 19.6948356628 17.4756984711 19.6948356628 23.1622352600 20.3883152008 19.1400508881 23.8557167053
19.8335323334 19.2787475586 19.5561389923 18.8626594543 17.6143951416 16.9209156036 18.3078746796 19.8335323334 18.4465713501 17.1983070374 18.1691799164 18.5852680206 19.1400508881 21.6365795135 23.8557167053 22.0526676178 18.7239627838 17.6143951416 19.0013561249 20.5270118713 22.6074523926 23.1622352600
21.3591880798 20.1109237671 20.2496204376 20.3883152008 17.8917865753 16.6435222626 19.4174442291 20.9430999756 18.4465713501 17.3370037079 19.1400508881 19.1400508881 19.1400508881 20.8044033051 21.4978828430 22.0526676178 22.4687557220 19.1400508881 17.3370037079 21.4978828430 24.8265876770 22.3300590515
21.9139709473 21.7752761841 21.0817966461 20.8044033051 19.2787475586 18.1691799164 20.1109237671 21.7752761841 20.3883152008 18.8626594543 19.5561389923 21.0817966461 20.9430999756 18.4465713501 18.4465713501 22.6074523926 23.5783233643 19.5561389923 19.1400508881 22.0526676178 22.4687557220 23.1622352600
19.0013561249 19.1400508881 19.4174442291 19.1400508881 19.1400508881 19.8335323334 20.5270118713 21.6365795135 22.0526676178 19.5561389923 18.4465713501 21.4978828430 21.7752761841 18.0304832458 19.4174442291 23.4396286011 20.5270118713 16.6435222626 19.0013561249 20.6657085419 19.2787475586 22.7461471558
17.0596103668 16.9209156036 16.3661308289 16.0887393951 17.8917865753 19.8335323334 19.5561389923 20.3883152008 22.3300590515 20.8044033051 18.1691799164 19.1400508881 19.8335323334 20.2496204376 22.8848438263 22.4687557220 16.9209156036 15.5339546204 18.4465713501 19.1400508881 18.7239627838 19.8335323334
17.0596103668 18.8626594543 17.6143951416 16.7822189331 19.0013561249 20.3883152008 19.4174442291 19.5561389923 20.3883152008 20.1109237671 19.5561389923 18.7239627838 19.1400508881 21.9139709473 23.3009319305 19.6948356628 16.2274341583 18.4465713501 21.4978828430 21.2204914093 20.1109237671 18.3078746796
17.7530918121 20.6657085419 21.0817966461 20.3883152008 20.6657085419 20.8044033051 19.6948356628 18.1691799164 17.1983070374 18.4465713501 20.2496204376 20.3883152008 21.0817966461 21.0817966461 18.5852680206 17.0596103668 18.7239627838 22.3300590515 25.2426757812 24.8265876770 21.9139709473 20.1109237671
18.4465713501 19.9722270966 21.4978828430 21.0817966461 19.4174442291 19.8335323334 19.5561389923 16.7822189331 16.6435222626 19.2787475586 19.8335323334 20.5270118713 22.1913642883 19.4174442291 15.1178665161 17.1983070374 21.6365795135 23.0235404968 24.4104995728 24.6878929138 22.0526676178 21.6365795135
18.8626594543 19.5561389923 20.9430999756 19.9722270966 18.5852680206 19.8335323334 19.8335323334 18.3078746796 19.6948356628 20.8044033051 18.1691799164 18.4465713501 21.3591880798 20.5270118713 18.3078746796 19.9722270966 21.9139709473 21.2204914093 21.7752761841 22.1913642883 20.8044033051 20.8044033051
18.4465713501 19.4174442291 20.8044033051 20.2496204376 19.9722270966 20.8044033051 20.3883152008 20.9430999756 23.0235404968 21.2204914093 16.9209156036 16.9209156036 20.1109237671 21.9139709473 22.8848438263 22.4687557220 20.3883152008 19.1400508881 20.2496204376 20.3883152008 19.8335323334 19.5561389923
18.5852680206 18.4465713501 19.5561389923 20.2496204376 20.5270118713 19.6948356628 19.6948356628 21.6365795135 22.6074523926 20.1109237671 18.1691799164 18.3078746796 18.4465713501 19.6948356628 23.1622352600 23.4396286011 20.5270118713 19.4174442291 19.2787475586 19.1400508881 20.8044033051 21.3591880798
20.1109237671 18.5852680206 18.3078746796 19.9722270966 19.6948356628 18.0304832458 19.0013561249 20.6657085419 19.6948356628 19.2787475586 21.3591880798 21.2204914093 17.8917865753 18.3078746796 22.8848438263 23.8557167053 21.7752761841 20.6657085419 19.0013561249 18.1691799164 21.6365795135 24.4104995728
21.2204914093 19.4174442291 19.2787475586 20.9430999756 20.2496204376 19.6948356628 21.2204914093 20.2496204376 18.0304832458 20.1109237671 22.7461471558 20.9430999756 18.1691799164 20.2496204376 23.7170200348 23.4396286011 20.6657085419 19.9722270966 20.2496204376 19.6948356628 21.0817966461 24.2718048096
20.2496204376 19.2787475586 20.5270118713 22.3300590515 22.3300590515 23.0235404968 23.4396286011 20.3883152008 18.8626594543 21.2204914093 20.6657085419 17.3370037079 17.6143951416 21.3591880798 23.0235404968 21.7752761841 19.4174442291 19.5561389923 21.6365795135 21.7752761841 20.3883152008 21.9139709473
19.1400508881 19.5561389923 21.4978828430 23.1622352600 23.4396286011 23.1622352600 22.0526676178 20.2496204376 20.5270118713 21.2204914093 19.1400508881 16.0887393951 16.9209156036 20.2496204376 21.4978828430 20.6657085419 20.6657085419 21.6365795135 20.8044033051 19.5561389923 19.9722270966 21.6365795135
19.2787475586 20.1109237671 22.0526676178 23.9944114685 23.8557167053 21.0817966461 19.0013561249 19.9722270966 21.3591880798 20.3883152008 19.1400508881 18.5852680206 18.5852680206 20.2496204376 20.9430999756 19.8335323334 20.9430999756 22.4687557220 18.8626594543 15.2565622330 19.0013561249 22.8848438263
20.3883152008 19.9722270966 21.2204914093 23.8557167053 23.7170200348 20.2496204376 18.7239627838 21.0817966461 22.3300590515 20.5270118713 19.5561389923 20.8044033051 20.8044033051 19.8335323334 19.2787475586 18.1691799164 18.1691799164 19.6948356628 18.8626594543 16.2274341583 18.5852680206 22.3300590515
20.8044033051 20.3883152008 20.5270118713 21.4978828430 21.0817966461 20.2496204376 20.9430999756 23.0235404968 23.5783233643 21.7752761841 20.2496204376 20.5270118713 19.8335323334 17.8917865753 17.6143951416 17.8917865753 16.6435222626 17.4756984711 20.6657085419 20.6657085419 19.2787475586 20.2496204376
19.5561389923 21.3591880798 20.8044033051 18.7239627838 17.6143951416 18.7239627838 21.6365795135 23.4396286011 22.8848438263 21.7752761841 21.2204914093 19.5561389923 17.4756984711 18.0304832458 19.6948356628 19.2787475586 18.0304832458 18.5852680206 20.9430999756 21.7752761841 20.1109237671 18.3078746796
17.7530918121 20.5270118713 19.9722270966 17.6143951416 17.3370037079 18.3078746796 19.8335323334 20.9430999756 19.9722270966 20.2496204376 21.3591880798 19.2787475586 17.8917865753 20.9430999756 22.0526676178 19.2787475586 19.0013561249 20.5270118713 20.3883152008 20.6657085419 20.5270118713 17.4756984711
16.9209156036 18.0304832458 18.7239627838 18.5852680206 19.5561389923 20.2496204376 19.4174442291 18.5852680206 18.7239627838 19.2787475586 19.5561389923 19.1400508881 19.9722270966 21.7752761841 20.8044033051 18.4465713501 19.0013561249 20.6657085419 20.5270118713 20.9430999756 21.0817966461 18.5852680206
18.0304832458 17.6143951416 19.9722270966 20.9430999756 20.6657085419 21.0817966461 20.5270118713 19.2787475586 19.5561389923 19.1400508881 17.4756984711 18.0304832458 20.2496204376 19.9722270966 19.0013561249 19.4174442291 19.8335323334 19.5561389923 19.6948356628 20.3883152008 21.0817966461 20.5270118713
20.3883152008 18.8626594543 20.5270118713 21.7752761841 19.9722270966 19.2787475586 20.2496204376 20.1109237671 19.6948356628 19.1400508881 17.7530918121 18.1691799164 19.2787475586 19.1400508881 19.2787475586 20.6657085419 20.8044033051 19.2787475586 18.0304832458 18.4465713501 20.1109237671 20.2496204376
21.7752761841 18.7239627838 17.7530918121 19.8335323334 20.1109237671 18.7239627838 19.4174442291 19.6948356628 18.4465713501 19.0013561249 20.8044033051 20.6657085419 19.1400508881 19.1400508881 19.5561389923 20.2496204376 21.0817966461 19.8335323334 17.7530918121 18.0304832458 19.1400508881 17.7530918121
