36.4941787720 38.0638237000 35.3169479370 33.7473068237 35.5131530762 35.7093582153 36.4941787720 40.0258750916 41.9879264832 40.4182853699 40.4182853699 42.3803405762 41.3993110657 38.6524391174 38.0638237000 38.0638237000 36.2979736328 36.1017684937 38.0638237000 37.8676185608
36.8865928650 37.4752082825 37.4752082825 37.8676185608 37.6714134216 36.8865928650 39.0448493958 41.9879264832 40.2220802307 37.0827980042 38.4562339783 40.4182853699 38.6524391174 37.4752082825 39.2410545349 39.6334648132 38.8486442566 38.8486442566 37.4752082825 35.7093582153
38.6524391174 38.8486442566 41.3993110657 41.9879264832 40.2220802307 39.8296699524 39.6334648132 36.6903877258 34.3359222412 35.7093582153 37.2790031433 35.9055633545 34.7283325195 36.6903877258 38.0638237000 38.0638237000 40.0258750916 42.1841354370 40.6144905090 38.0638237000
41.9879264832 40.2220802307 42.3803405762 42.1841354370 37.4752082825 35.5131530762 36.4941787720 35.1207427979 34.3359222412 36.6903877258 37.2790031433 34.3359222412 32.5700759888 33.1586914062 34.3359222412 36.8865928650 39.4372596741 40.2220802307 40.4182853699 39.8296699524
42.5765457153 36.8865928650 37.6714134216 39.6334648132 36.2979736328 33.3548965454 36.8865928650 40.4182853699 39.0448493958 36.4941787720 35.9055633545 35.5131530762 34.1397171021 33.3548965454 35.3169479370 38.6524391174 38.6524391174 36.1017684937 35.1207427979 34.7283325195
38.6524391174 33.9435119629 34.3359222412 37.0827980042 38.4562339783 39.2410545349 40.8106956482 41.7917213440 40.0258750916 37.6714134216 36.6903877258 36.4941787720 37.0827980042 37.8676185608 38.4562339783 37.6714134216 36.6903877258 36.8865928650 35.7093582153 32.1776657104
36.4941787720 38.2600288391 38.2600288391 35.1207427979 37.4752082825 42.1841354370 40.8106956482 38.0638237000 39.6334648132 40.8106956482 38.0638237000 35.9055633545 37.4752082825 38.6524391174 36.6903877258 34.5321273804 35.5131530762 39.6334648132 41.2031059265 36.8865928650
37.8676185608 43.5575714111 42.9689559937 36.6903877258 36.8865928650 39.2410545349 37.2790031433 36.4941787720 39.2410545349 39.8296699524 37.0827980042 36.2979736328 37.4752082825 36.6903877258 35.1207427979 34.7283325195 35.3169479370 37.6714134216 40.2220802307 39.0448493958
38.2600288391 41.7917213440 42.1841354370 40.6144905090 40.4182853699 38.8486442566 36.4941787720 36.1017684937 36.1017684937 35.7093582153 36.4941787720 38.0638237000 38.0638237000 37.4752082825 37.8676185608 37.2790031433 34.5321273804 33.7473068237 35.5131530762 37.0827980042
38.2600288391 37.2790031433 36.1017684937 39.2410545349 42.1841354370 40.8106956482 38.4562339783 36.4941787720 35.1207427979 35.3169479370 35.7093582153 35.1207427979 35.7093582153 37.6714134216 39.6334648132 39.6334648132 36.6903877258 33.9435119629 34.7283325195 38.0638237000
39.4372596741 37.0827980042 31.7852535248 34.9245376587 40.0258750916 40.4182853699 39.2410545349 39.8296699524 40.2220802307 37.2790031433 31.5890483856 29.2345848083 32.7662811279 35.9055633545 37.6714134216 41.0069007874 41.3993110657 37.0827980042 35.3169479370 39.0448493958
39.6334648132 39.8296699524 34.7283325195 36.2979736328 39.4372596741 38.6524391174 38.4562339783 41.0069007874 41.5955162048 36.1017684937 29.2345848083 29.6269969940 33.7473068237 34.5321273804 34.5321273804 38.2600288391 41.0069007874 38.2600288391 34.1397171021 34.9245376587
39.2410545349 41.0069007874 38.8486442566 39.0448493958 39.0448493958 38.0638237000 37.8676185608 37.2790031433 35.1207427979 32.3738708496 31.5890483856 33.9435119629 35.7093582153 34.9245376587 32.9624862671 32.7662811279 36.2979736328 38.8486442566 36.2979736328 33.9435119629
39.2410545349 39.6334648132 37.4752082825 36.6903877258 36.8865928650 37.8676185608 37.8676185608 34.5321273804 31.3928432465 32.3738708496 34.3359222412 34.9245376587 36.4941787720 37.8676185608 34.3359222412 30.2156124115 35.3169479370 43.7537765503 44.1461868286 41.3993110657
37.4752082825 36.6903877258 33.3548965454 33.3548965454 35.9055633545 38.0638237000 37.8676185608 35.7093582153 35.1207427979 36.4941787720 36.8865928650 35.5131530762 38.0638237000 41.5955162048 39.0448493958 35.9055633545 40.4182853699 46.3044433594 45.5196228027 43.9499816895
36.6903877258 34.1397171021 31.0004329681 33.9435119629 38.2600288391 38.4562339783 37.0827980042 37.2790031433 38.4562339783 39.6334648132 39.8296699524 39.2410545349 40.4182853699 41.7917213440 42.3803405762 44.5385971069 43.3613662720 37.4752082825 34.1397171021 37.4752082825
38.8486442566 33.3548965454 30.4118175507 36.6903877258 40.6144905090 36.8865928650 34.1397171021 34.9245376587 38.0638237000 41.7917213440 41.9879264832 40.4182853699 40.0258750916 38.0638237000 37.6714134216 41.2031059265 38.8486442566 29.6269969940 28.8421745300 35.9055633545
39.6334648132 34.5321273804 31.9814586639 37.0827980042 38.8486442566 35.9055633545 33.7473068237 33.7473068237 38.0638237000 43.9499816895 42.3803405762 36.8865928650 35.5131530762 33.7473068237 30.0194072723 30.8042278290 34.9245376587 36.6903877258 38.8486442566 40.0258750916
38.0638237000 35.9055633545 35.1207427979 35.9055633545 35.9055633545 38.0638237000 39.4372596741 37.2790031433 36.1017684937 39.2410545349 40.4182853699 36.4941787720 32.7662811279 32.7662811279 33.7473068237 33.7473068237 36.2979736328 41.5955162048 43.5575714111 40.8106956482
39.0448493958 37.0827980042 38.4562339783 38.8486442566 36.1017684937 36.2979736328 39.6334648132 38.4562339783 31.5890483856 31.3928432465 40.6144905090 44.1461868286 37.8676185608 37.0827980042 43.1651611328 42.3803405762 35.9055633545 36.1017684937 40.8106956482 41.9879264832
42.9689559937 40.0258750916 40.2220802307 41.5955162048 35.1207427979 28.2535591125 30.4118175507 34.9245376587 34.7283325195 36.1017684937 42.5765457153 45.3234176636 41.7917213440 41.0069007874 42.1841354370 39.0448493958 35.7093582153 38.2600288391 41.5955162048 39.6334648132
44.3423919678 40.8106956482 38.4562339783 37.8676185608 33.5511016846 29.0383796692 30.0194072723 35.9055633545 42.5765457153 43.9499816895 37.8676185608 33.3548965454 37.2790031433 41.7917213440 37.4752082825 33.1586914062 38.2600288391 43.1651611328 37.6714134216 29.8232021332
42.1841354370 36.1017684937 35.5131530762 37.6714134216 37.8676185608 38.8486442566 40.0258750916 40.2220802307 41.0069007874 38.4562339783 30.4118175507 27.8611488342 34.7283325195 39.4372596741 35.7093582153 32.3738708496 34.9245376587 36.4941787720 32.9624862671 33.1586914062
41.7917213440 34.7283325195 37.4752082825 42.1841354370 40.2220802307 40.4182853699 43.5575714111 41.7917213440 37.0827980042 32.7662811279 30.8042278290 33.5511016846 35.7093582153 32.9624862671 32.1776657104 35.3169479370 35.7093582153 35.3169479370 39.4372596741 44.9310073853
43.9499816895 39.8296699524 39.6334648132 40.4182853699 37.4752082825 38.4562339783 42.7727508545 41.5955162048 37.4752082825 34.3359222412 32.3738708496 33.5511016846 34.5321273804 32.7662811279 35.3169479370 43.3613662720 45.5196228027 41.9879264832 40.6144905090 38.6524391174
