140.6458587646 144.9845428467 144.9845428467 144.6229858398 147.8770141602 152.2156982422 152.2156982422 143.1767578125 136.3071746826 147.1538848877 147.1538848877 154.3850402832 149.6847991943 149.6847991943 149.6847991943 151.8541412354 146.4307708740 145.3460998535 145.3460998535 151.8541412354 150.4079132080 141.0074157715 141.0074157715 137.7534027100 139.9227447510 141.0074157715 141.0074157715 146.7923278809 152.5772552490 146.4307708740 146.4307708740 140.2843017578 143.5383148193 142.4536437988 142.4536437988
143.5383148193 148.9616851807 148.9616851807 150.4079132080 158.3621673584 160.1699676514 160.1699676514 143.8998718262 131.2453613281 135.5840454102 135.5840454102 144.6229858398 152.5772552490 156.1928253174 156.1928253174 149.6847991943 141.3689727783 142.8152008057 142.8152008057 147.5154418945 147.5154418945 145.7076568604 145.7076568604 146.0692138672 147.5154418945 146.0692138672 146.0692138672 143.5383148193 144.9845428467 148.2385711670 148.2385711670 144.9845428467 139.9227447510 138.4765167236 138.4765167236
148.6001281738 148.6001281738 148.6001281738 147.8770141602 154.3850402832 153.6619262695 153.6619262695 142.8152008057 134.4993743896 133.7762603760 133.7762603760 141.0074157715 152.2156982422 155.8312683105 155.8312683105 147.8770141602 142.8152008057 145.7076568604 145.7076568604 146.7923278809 146.4307708740 150.0463562012 150.0463562012 153.3003692627 151.8541412354 146.7923278809 146.7923278809 138.4765167236 137.0302886963 145.3460998535 145.3460998535 144.6229858398 133.7762603760 135.2224884033 135.2224884033
148.6001281738 148.6001281738 148.6001281738 147.8770141602 154.3850402832 153.6619262695 153.6619262695 142.8152008057 134.4993743896 133.7762603760 133.7762603760 141.0074157715 152.2156982422 155.8312683105 155.8312683105 147.8770141602 142.8152008057 145.7076568604 145.7076568604 146.7923278809 146.4307708740 150.0463562012 150.0463562012 153.3003692627 151.8541412354 146.7923278809 146.7923278809 138.4765167236 137.0302886963 145.3460998535 145.3460998535 144.6229858398 133.7762603760 135.2224884033 135.2224884033
147.5154418945 143.8998718262 143.8998718262 144.2614288330 148.2385711670 144.9845428467 144.9845428467 137.0302886963 136.3071746826 140.6458587646 140.6458587646 143.8998718262 146.0692138672 147.1538848877 147.1538848877 146.4307708740 147.1538848877 150.4079132080 150.4079132080 150.0463562012 146.7923278809 147.1538848877 147.1538848877 148.6001281738 145.3460998535 141.0074157715 141.0074157715 140.2843017578 139.9227447510 139.5611877441 139.5611877441 142.0920867920 144.6229858398 144.2614288330 144.2614288330
142.4536437988 143.8998718262 143.8998718262 149.6847991943 151.1310272217 143.1767578125 143.1767578125 131.6069183350 129.0760192871 138.8380737305 138.8380737305 148.2385711670 147.1538848877 142.0920867920 142.0920867920 140.6458587646 142.4536437988 146.7923278809 146.7923278809 150.7694702148 149.6847991943 146.0692138672 146.0692138672 143.8998718262 141.0074157715 141.0074157715 141.0074157715 146.0692138672 144.9845428467 137.0302886963 137.0302886963 139.1996307373 146.0692138672 140.2843017578 140.2843017578
144.2614288330 146.0692138672 146.0692138672 152.5772552490 151.4925842285 144.6229858398 144.6229858398 136.3071746826 129.7991333008 135.2224884033 135.2224884033 149.3232421875 154.0234832764 147.1538848877 147.1538848877 139.9227447510 137.3918457031 140.6458587646 140.6458587646 148.2385711670 152.9388122559 149.6847991943 149.6847991943 144.9845428467 146.0692138672 151.8541412354 151.8541412354 153.3003692627 143.5383148193 130.5222473145 130.5222473145 123.2910995483 116.7830657959 111.7212600708 111.7212600708
144.2614288330 146.0692138672 146.0692138672 152.5772552490 151.4925842285 144.6229858398 144.6229858398 136.3071746826 129.7991333008 135.2224884033 135.2224884033 149.3232421875 154.0234832764 147.1538848877 147.1538848877 139.9227447510 137.3918457031 140.6458587646 140.6458587646 148.2385711670 152.9388122559 149.6847991943 149.6847991943 144.9845428467 146.0692138672 151.8541412354 151.8541412354 153.3003692627 143.5383148193 130.5222473145 130.5222473145 123.2910995483 116.7830657959 111.7212600708 111.7212600708
149.3232421875 146.4307708740 146.4307708740 148.2385711670 149.6847991943 149.3232421875 149.3232421875 146.0692138672 142.0920867920 144.2614288330 144.2614288330 149.3232421875 149.6847991943 150.7694702148 150.7694702148 152.5772552490 148.9616851807 142.0920867920 142.0920867920 142.8152008057 150.0463562012 152.5772552490 152.5772552490 148.2385711670 149.6847991943 157.2774963379 157.2774963379 155.4697113037 138.1149597168 116.7830657959 116.7830657959 100.8745346069 92.9202728271 94.3665008545 94.3665008545
147.8770141602 148.9616851807 148.9616851807 148.9616851807 154.0234832764 157.2774963379 157.2774963379 149.6847991943 146.4307708740 154.0234832764 154.0234832764 153.3003692627 142.0920867920 142.8152008057 142.8152008057 154.7465972900 157.6390533447 148.6001281738 148.6001281738 143.1767578125 148.2385711670 152.5772552490 152.5772552490 148.2385711670 143.8998718262 146.4307708740 146.4307708740 148.6001281738 140.2843017578 120.7601928711 120.7601928711 103.0438766479 101.2360916138 105.2132263184 105.2132263184
147.8770141602 148.9616851807 148.9616851807 148.9616851807 154.0234832764 157.2774963379 157.2774963379 149.6847991943 146.4307708740 154.0234832764 154.0234832764 153.3003692627 142.0920867920 142.8152008057 142.8152008057 154.7465972900 157.6390533447 148.6001281738 148.6001281738 143.1767578125 148.2385711670 152.5772552490 152.5772552490 148.2385711670 143.8998718262 146.4307708740 146.4307708740 148.6001281738 140.2843017578 120.7601928711 120.7601928711 103.0438766479 101.2360916138 105.2132263184 105.2132263184
143.8998718262 152.5772552490 152.5772552490 151.1310272217 154.0234832764 158.7237243652 158.7237243652 149.6847991943 139.9227447510 146.7923278809 146.7923278809 156.9159393311 154.3850402832 143.8998718262 143.8998718262 139.1996307373 145.7076568604 154.3850402832 154.3850402832 155.4697113037 150.7694702148 147.1538848877 147.1538848877 143.8998718262 140.6458587646 139.1996307373 139.1996307373 141.0074157715 145.7076568604 142.4536437988 142.4536437988 128.7144622803 122.2064285278 128.3529052734 128.3529052734
141.0074157715 148.2385711670 148.2385711670 145.7076568604 143.5383148193 149.6847991943 149.6847991943 149.6847991943 138.1149597168 134.8609313965 134.8609313965 155.1081542969 178.9709472656 173.5475921631 173.5475921631 146.7923278809 138.8380737305 154.0234832764 154.0234832764 161.2546386719 151.8541412354 144.2614288330 144.2614288330 145.3460998535 147.8770141602 143.1767578125 143.1767578125 136.3071746826 140.2843017578 151.1310272217 151.1310272217 150.7694702148 148.6001281738 157.6390533447 157.6390533447
140.2843017578 142.4536437988 142.4536437988 140.6458587646 139.1996307373 143.5383148193 143.5383148193 148.2385711670 147.5154418945 142.8152008057 142.8152008057 148.9616851807 174.9938201904 193.7947998047 193.7947998047 179.3325042725 154.3850402832 149.3232421875 149.3232421875 156.5543823242 156.1928253174 151.8541412354 151.8541412354 151.1310272217 150.0463562012 143.1767578125 143.1767578125 135.2224884033 138.4765167236 151.8541412354 151.8541412354 163.0624237061 168.1242218018 167.0395507812 167.0395507812
140.2843017578 142.4536437988 142.4536437988 140.6458587646 139.1996307373 143.5383148193 143.5383148193 148.2385711670 147.5154418945 142.8152008057 142.8152008057 148.9616851807 174.9938201904 193.7947998047 193.7947998047 179.3325042725 154.3850402832 149.3232421875 149.3232421875 156.5543823242 156.1928253174 151.8541412354 151.8541412354 151.1310272217 150.0463562012 143.1767578125 143.1767578125 135.2224884033 138.4765167236 151.8541412354 151.8541412354 163.0624237061 168.1242218018 167.0395507812 167.0395507812
143.8998718262 144.2614288330 144.2614288330 147.1538848877 152.9388122559 149.6847991943 149.6847991943 146.7923278809 158.7237243652 160.5315246582 160.5315246582 139.9227447510 136.6687316895 165.5933227539 165.5933227539 178.6093902588 159.8084106445 144.6229858398 144.6229858398 151.1310272217 158.0006103516 152.9388122559 152.9388122559 146.7923278809 145.3460998535 145.3460998535 145.3460998535 148.6001281738 154.3850402832 158.0006103516 158.0006103516 157.6390533447 152.9388122559 143.5383148193 143.5383148193
147.5154418945 147.8770141602 147.8770141602 156.5543823242 167.4011077881 157.6390533447 157.6390533447 144.6229858398 153.6619262695 159.0852813721 159.0852813721 138.1149597168 117.5061798096 121.4833145142 121.4833145142 131.9684753418 132.3300323486 130.1606903076 130.1606903076 135.9456176758 144.2614288330 145.3460998535 145.3460998535 144.2614288330 149.6847991943 156.9159393311 156.9159393311 159.4468383789 156.9159393311 149.6847991943 149.6847991943 141.0074157715 137.3918457031 141.0074157715 141.0074157715
144.6229858398 144.6229858398 144.6229858398 152.9388122559 163.0624237061 156.1928253174 156.1928253174 141.3689727783 137.7534027100 147.1538848877 147.1538848877 153.6619262695 138.1149597168 108.8287963867 108.8287963867 96.5358428955 104.4901123047 111.3597030640 111.3597030640 117.1446228027 131.6069183350 143.8998718262 143.8998718262 146.4307708740 150.0463562012 154.7465972900 154.7465972900 150.4079132080 142.8152008057 142.4536437988 142.4536437988 149.3232421875 158.7237243652 165.2317657471 165.2317657471
144.6229858398 144.6229858398 144.6229858398 152.9388122559 163.0624237061 156.1928253174 156.1928253174 141.3689727783 137.7534027100 147.1538848877 147.1538848877 153.6619262695 138.1149597168 108.8287963867 108.8287963867 96.5358428955 104.4901123047 111.3597030640 111.3597030640 117.1446228027 131.6069183350 143.8998718262 143.8998718262 146.4307708740 150.0463562012 154.7465972900 154.7465972900 150.4079132080 142.8152008057 142.4536437988 142.4536437988 149.3232421875 158.7237243652 165.2317657471 165.2317657471
140.2843017578 140.2843017578 140.2843017578 142.4536437988 147.8770141602 151.1310272217 151.1310272217 144.6229858398 136.6687316895 146.7923278809 146.7923278809 162.7008666992 154.3850402832 126.9066696167 126.9066696167 113.5290451050 115.6983947754 116.4215087891 116.4215087891 117.8677368164 126.5451126099 134.1378173828 134.1378173828 135.5840454102 140.2843017578 149.6847991943 149.6847991943 154.7465972900 156.9159393311 162.7008666992 162.7008666992 165.2317657471 160.1699676514 151.1310272217 151.1310272217
142.4536437988 148.2385711670 148.2385711670 144.9845428467 139.9227447510 144.2614288330 144.2614288330 148.9616851807 146.4307708740 147.1538848877 147.1538848877 152.5772552490 158.0006103516 157.6390533447 157.6390533447 150.0463562012 139.5611877441 131.9684753418 131.9684753418 123.6526565552 116.4215087891 120.7601928711 120.7601928711 134.1378173828 148.6001281738 163.0624237061 163.0624237061 174.2707061768 177.1631622314 167.0395507812 167.0395507812 144.9845428467 125.8219985962 125.8219985962 125.8219985962
148.2385711670 157.2774963379 157.2774963379 151.8541412354 135.9456176758 133.7762603760 133.7762603760 144.2614288330 148.6001281738 145.3460998535 145.3460998535 150.0463562012 164.1470947266 168.4857788086 168.4857788086 152.5772552490 137.3918457031 134.8609313965 134.8609313965 131.9684753418 129.0760192871 139.9227447510 139.9227447510 155.4697113037 163.4239807129 165.2317657471 165.2317657471 165.2317657471 160.5315246582 148.2385711670 148.2385711670 134.8609313965 132.6915893555 143.8998718262 143.8998718262
148.2385711670 157.2774963379 157.2774963379 151.8541412354 135.9456176758 133.7762603760 133.7762603760 144.2614288330 148.6001281738 145.3460998535 145.3460998535 150.0463562012 164.1470947266 168.4857788086 168.4857788086 152.5772552490 137.3918457031 134.8609313965 134.8609313965 131.9684753418 129.0760192871 139.9227447510 139.9227447510 155.4697113037 163.4239807129 165.2317657471 165.2317657471 165.2317657471 160.5315246582 148.2385711670 148.2385711670 134.8609313965 132.6915893555 143.8998718262 143.8998718262
145.7076568604 143.1767578125 143.1767578125 139.5611877441 135.2224884033 136.6687316895 136.6687316895 143.8998718262 148.2385711670 148.6001281738 148.6001281738 149.3232421875 149.6847991943 145.7076568604 145.7076568604 140.2843017578 142.0920867920 150.7694702148 150.7694702148 159.0852813721 160.8930816650 157.2774963379 157.2774963379 155.8312683105 155.8312683105 152.2156982422 152.2156982422 147.8770141602 149.6847991943 156.5543823242 156.5543823242 159.8084106445 155.4697113037 143.5383148193 143.5383148193
131.6069183350 122.2064285278 122.2064285278 131.6069183350 148.2385711670 154.3850402832 154.3850402832 152.5772552490 148.2385711670 142.8152008057 142.8152008057 137.3918457031 132.3300323486 137.7534027100 137.7534027100 154.7465972900 165.2317657471 163.4239807129 163.4239807129 162.7008666992 157.2774963379 143.1767578125 143.1767578125 144.2614288330 159.8084106445 161.6161956787 161.6161956787 154.0234832764 159.0852813721 163.0624237061 163.0624237061 148.2385711670 126.9066696167 112.0828170776 112.0828170776
124.0142135620 126.5451126099 126.5451126099 143.8998718262 153.3003692627 151.4925842285 151.4925842285 151.8541412354 147.1538848877 139.1996307373 139.1996307373 146.7923278809 156.9159393311 156.1928253174 156.1928253174 156.5543823242 153.3003692627 139.1996307373 139.1996307373 134.4993743896 143.1767578125 150.0463562012 150.0463562012 160.1699676514 172.8244781494 164.1470947266 164.1470947266 147.5154418945 146.0692138672 138.4765167236 138.4765167236 118.2292938232 114.6137161255 130.8838043213 130.8838043213
124.0142135620 126.5451126099 126.5451126099 143.8998718262 153.3003692627 151.4925842285 151.4925842285 151.8541412354 147.1538848877 139.1996307373 139.1996307373 146.7923278809 156.9159393311 156.1928253174 156.1928253174 156.5543823242 153.3003692627 139.1996307373 139.1996307373 134.4993743896 143.1767578125 150.0463562012 150.0463562012 160.1699676514 172.8244781494 164.1470947266 164.1470947266 147.5154418945 146.0692138672 138.4765167236 138.4765167236 118.2292938232 114.6137161255 130.8838043213 130.8838043213
129.4375762939 131.9684753418 131.9684753418 139.5611877441 137.7534027100 139.9227447510 139.9227447510 153.6619262695 154.7465972900 149.3232421875 149.3232421875 163.4239807129 172.4629211426 150.4079132080 150.4079132080 128.7144622803 129.4375762939 134.8609313965 134.8609313965 141.0074157715 154.7465972900 162.7008666992 162.7008666992 156.9159393311 145.7076568604 135.2224884033 135.2224884033 132.3300323486 137.7534027100 140.2843017578 140.2843017578 139.9227447510 150.0463562012 161.2546386719 161.2546386719
130.5222473145 120.3986358643 120.3986358643 123.6526565552 141.3689727783 159.4468383789 159.4468383789 162.7008666992 150.7694702148 140.2843017578 140.2843017578 141.7305297852 147.1538848877 145.7076568604 145.7076568604 142.8152008057 147.8770141602 157.2774963379 157.2774963379 156.9159393311 142.4536437988 129.4375762939 129.4375762939 125.0988845825 123.2910995483 128.7144622803 128.7144622803 142.8152008057 155.4697113037 158.3621673584 158.3621673584 151.8541412354 143.1767578125 134.8609313965 134.8609313965
134.1378173828 131.9684753418 131.9684753418 133.7762603760 152.2156982422 164.8702087402 164.8702087402 150.0463562012 130.1606903076 128.7144622803 128.7144622803 132.3300323486 144.2614288330 170.2935638428 170.2935638428 174.2707061768 146.0692138672 129.4375762939 129.4375762939 131.9684753418 125.8219985962 121.8448715210 121.8448715210 136.6687316895 148.6001281738 145.3460998535 145.3460998535 140.6458587646 139.9227447510 133.4147033691 133.4147033691 124.0142135620 121.4833145142 126.9066696167 126.9066696167
134.1378173828 131.9684753418 131.9684753418 133.7762603760 152.2156982422 164.8702087402 164.8702087402 150.0463562012 130.1606903076 128.7144622803 128.7144622803 132.3300323486 144.2614288330 170.2935638428 170.2935638428 174.2707061768 146.0692138672 129.4375762939 129.4375762939 131.9684753418 125.8219985962 121.8448715210 121.8448715210 136.6687316895 148.6001281738 145.3460998535 145.3460998535 140.6458587646 139.9227447510 133.4147033691 133.4147033691 124.0142135620 121.4833145142 126.9066696167 126.9066696167
150.0463562012 154.7465972900 154.7465972900 139.5611877441 129.4375762939 134.1378173828 134.1378173828 135.5840454102 139.5611877441 153.6619262695 153.6619262695 155.8312683105 150.0463562012 153.3003692627 153.3003692627 141.7305297852 112.0828170776 108.1056823730 108.1056823730 134.8609313965 156.1928253174 160.5315246582 160.5315246582 158.3621673584 150.0463562012 137.0302886963 137.0302886963 123.6526565552 113.1674880981 119.3139648438 119.3139648438 143.5383148193 161.6161956787 160.1699676514 160.1699676514
152.2156982422 143.5383148193 143.5383148193 131.6069183350 127.9913482666 135.5840454102 135.5840454102 146.4307708740 153.6619262695 151.8541412354 151.8541412354 137.3918457031 121.1217575073 116.0599517822 116.0599517822 120.7601928711 135.2224884033 155.1081542969 155.1081542969 163.0624237061 155.8312683105 144.6229858398 144.6229858398 132.3300323486 124.0142135620 132.6915893555 132.6915893555 142.0920867920 139.1996307373 150.7694702148 150.7694702148 178.9709472656 181.1402893066 152.9388122559 152.9388122559
142.4536437988 138.4765167236 138.4765167236 154.7465972900 164.1470947266 152.2156982422 152.2156982422 138.1149597168 126.5451126099 113.5290451050 113.5290451050 111.3597030640 124.7373275757 139.9227447510 139.9227447510 151.1310272217 158.3621673584 151.8541412354 151.8541412354 129.7991333008 111.3597030640 114.6137161255 114.6137161255 126.9066696167 134.8609313965 142.0920867920 142.0920867920 151.1310272217 154.3850402832 150.7694702148 150.7694702148 144.9845428467 138.1149597168 135.9456176758 135.9456176758
142.4536437988 138.4765167236 138.4765167236 154.7465972900 164.1470947266 152.2156982422 152.2156982422 138.1149597168 126.5451126099 113.5290451050 113.5290451050 111.3597030640 124.7373275757 139.9227447510 139.9227447510 151.1310272217 158.3621673584 151.8541412354 151.8541412354 129.7991333008 111.3597030640 114.6137161255 114.6137161255 126.9066696167 134.8609313965 142.0920867920 142.0920867920 151.1310272217 154.3850402832 150.7694702148 150.7694702148 144.9845428467 138.1149597168 135.9456176758 135.9456176758
