76.0253219604 71.1873474121 71.4177246094 74.6430435181 77.8683624268 80.1721572876 79.0202560425 78.0987396240 79.4810180664 78.7898788452 76.0253219604 77.6379776001 81.0936737061 81.3240585327 80.1721572876 79.9417800903 76.9468383789 68.8835525513 64.7367172241 70.2658309937 72.3392486572 64.2759552002
73.7215270996 73.0303878784 74.1822814941 74.4126663208 75.3341827393 75.5645599365 75.1038055420 76.2556991577 79.9417800903 82.7063369751 79.2506408691 75.7949447632 79.7113952637 83.8582382202 78.7898788452 72.3392486572 74.6430435181 76.2556991577 73.4911422729 72.8000030518 71.6481094360 68.1924133301
73.7215270996 77.4076004028 77.4076004028 75.5645599365 76.0253219604 74.4126663208 71.8784866333 71.8784866333 75.1038055420 77.1772232056 73.7215270996 72.1088638306 79.2506408691 83.3974761963 75.3341827393 66.3493728638 65.8886108398 66.5797500610 68.1924133301 72.8000030518 71.1873474121 67.0405120850
73.7215270996 76.9468383789 77.4076004028 77.4076004028 75.1038055420 72.3392486572 74.4126663208 75.5645599365 73.9519042969 72.1088638306 69.3443069458 68.4227905273 75.3341827393 76.9468383789 70.0354461670 65.6582336426 63.1240539551 57.3645629883 57.8253211975 67.7316513062 73.2607650757 69.5746917725
73.2607650757 70.4962081909 69.1139297485 69.8050689697 70.4962081909 74.8734207153 79.9417800903 76.4860839844 72.1088638306 74.1822814941 75.5645599365 74.8734207153 77.4076004028 75.7949447632 71.1873474121 66.5797500610 64.2759552002 64.7367172241 62.2025375366 62.4329147339 71.6481094360 72.1088638306
75.7949447632 68.6531677246 59.6683578491 58.9772186279 67.5012741089 78.3291168213 80.1721572876 74.1822814941 73.0303878784 78.7898788452 82.7063369751 83.1670913696 81.5544357300 78.7898788452 76.9468383789 71.1873474121 68.8835525513 74.8734207153 73.9519042969 66.8101348877 69.5746917725 69.5746917725
78.7898788452 76.0253219604 66.3493728638 66.1189956665 71.1873474121 73.2607650757 74.4126663208 76.4860839844 77.8683624268 79.7113952637 83.1670913696 84.3189926147 79.7113952637 77.8683624268 80.4025344849 80.4025344849 77.8683624268 76.9468383789 80.8632965088 83.3974761963 77.6379776001 67.2708892822
73.9519042969 77.1772232056 76.9468383789 76.2556991577 73.0303878784 72.5696258545 75.5645599365 76.4860839844 75.5645599365 75.1038055420 77.6379776001 79.7113952637 76.4860839844 76.7164611816 83.6278533936 87.3139343262 82.2455749512 75.5645599365 79.7113952637 86.3924102783 78.0987396240 65.1974716187
70.7265853882 73.2607650757 77.8683624268 76.0253219604 71.8784866333 75.3341827393 77.8683624268 73.0303878784 70.7265853882 73.0303878784 74.8734207153 74.6430435181 73.9519042969 77.8683624268 86.3924102783 90.3088684082 86.8531723022 80.6329193115 75.1038055420 69.8050689697 65.1974716187 67.5012741089
72.1088638306 70.9569702148 76.0253219604 76.2556991577 74.4126663208 77.8683624268 77.1772232056 71.4177246094 73.4911422729 78.5595016479 76.7164611816 73.0303878784 73.4911422729 74.8734207153 78.7898788452 84.3189926147 85.4708938599 82.0151977539 75.1038055420 66.1189956665 62.8936767578 71.6481094360
73.4911422729 73.7215270996 77.6379776001 78.5595016479 76.2556991577 77.4076004028 77.4076004028 73.9519042969 76.2556991577 79.9417800903 74.8734207153 70.2658309937 73.0303878784 72.3392486572 70.2658309937 73.9519042969 74.1822814941 70.4962081909 73.7215270996 78.3291168213 76.0253219604 74.8734207153
74.8734207153 78.5595016479 80.8632965088 77.6379776001 72.3392486572 74.1822814941 78.7898788452 77.8683624268 76.4860839844 75.3341827393 69.1139297485 65.8886108398 71.4177246094 73.0303878784 70.4962081909 71.4177246094 68.6531677246 63.5848159790 71.8784866333 84.7797546387 82.9367141724 73.9519042969
77.8683624268 81.0936737061 81.7848129272 75.1038055420 68.8835525513 71.6481094360 78.5595016479 81.3240585327 79.4810180664 73.9519042969 67.9620285034 68.6531677246 72.8000030518 72.8000030518 71.8784866333 75.3341827393 76.4860839844 74.6430435181 76.7164611816 79.7113952637 76.0253219604 70.4962081909
77.8683624268 79.0202560425 80.6329193115 75.3341827393 70.0354461670 71.6481094360 76.9468383789 82.0151977539 81.7848129272 74.8734207153 70.7265853882 76.9468383789 79.7113952637 73.0303878784 69.5746917725 74.6430435181 80.4025344849 83.3974761963 82.4759521484 76.7164611816 70.2658309937 69.3443069458
76.0253219604 76.0253219604 79.4810180664 77.1772232056 73.2607650757 74.8734207153 78.0987396240 80.1721572876 82.0151977539 77.8683624268 73.2607650757 80.4025344849 85.7012710571 78.5595016479 71.6481094360 73.7215270996 77.1772232056 78.3291168213 79.2506408691 76.9468383789 71.6481094360 67.9620285034
76.7164611816 75.3341827393 77.6379776001 78.3291168213 77.4076004028 79.4810180664 79.9417800903 78.3291168213 80.8632965088 81.3240585327 75.7949447632 77.4076004028 83.1670913696 81.3240585327 78.0987396240 81.3240585327 81.0936737061 75.1038055420 75.1038055420 77.1772232056 70.0354461670 59.6683578491
76.4860839844 76.2556991577 76.7164611816 78.3291168213 79.2506408691 79.0202560425 77.4076004028 76.2556991577 79.7113952637 83.1670913696 79.9417800903 74.8734207153 74.1822814941 76.4860839844 81.0936737061 85.9316558838 83.8582382202 79.4810180664 80.6329193115 77.1772232056 61.2810173035 52.0658264160
76.0253219604 76.9468383789 76.7164611816 76.0253219604 76.0253219604 75.5645599365 74.6430435181 74.6430435181 77.1772232056 80.4025344849 80.4025344849 76.0253219604 71.6481094360 73.4911422729 78.5595016479 79.0202560425 77.1772232056 82.0151977539 84.7797546387 71.8784866333 56.6734237671 60.3594970703
79.7113952637 77.1772232056 74.1822814941 73.2607650757 74.6430435181 76.9468383789 77.6379776001 75.5645599365 73.7215270996 73.7215270996 74.6430435181 76.7164611816 77.8683624268 76.4860839844 75.3341827393 74.8734207153 76.2556991577 80.6329193115 79.2506408691 67.0405120850 63.8151931763 77.1772232056
81.3240585327 76.9468383789 71.6481094360 74.1822814941 78.3291168213 81.3240585327 82.7063369751 79.4810180664 74.4126663208 72.5696258545 73.9519042969 78.7898788452 82.0151977539 78.5595016479 75.7949447632 80.8632965088 82.7063369751 76.7164611816 72.3392486572 70.7265853882 73.9519042969 81.5544357300
76.9468383789 78.7898788452 75.7949447632 76.9468383789 79.4810180664 80.4025344849 82.2455749512 83.1670913696 81.0936737061 80.1721572876 80.8632965088 80.8632965088 79.4810180664 77.8683624268 79.9417800903 83.8582382202 79.9417800903 69.8050689697 67.9620285034 73.9519042969 76.2556991577 74.4126663208
75.7949447632 82.4759521484 82.4759521484 78.5595016479 75.3341827393 75.7949447632 79.7113952637 84.5493774414 87.3139343262 86.8531723022 83.1670913696 79.2506408691 77.6379776001 79.4810180664 81.3240585327 78.7898788452 73.0303878784 67.9620285034 66.5797500610 70.9569702148 73.9519042969 70.7265853882
79.9417800903 80.4025344849 80.6329193115 77.8683624268 72.5696258545 74.4126663208 82.0151977539 85.7012710571 86.1620330811 86.3924102783 83.3974761963 80.4025344849 81.0936737061 81.0936737061 76.9468383789 75.3341827393 78.3291168213 78.0987396240 72.8000030518 71.1873474121 73.0303878784 72.5696258545
80.4025344849 73.7215270996 73.7215270996 76.2556991577 73.7215270996 76.4860839844 85.7012710571 86.3924102783 81.3240585327 83.8582382202 87.7746887207 85.7012710571 82.0151977539 77.4076004028 72.8000030518 76.7164611816 87.3139343262 89.3873519897 80.6329193115 73.9519042969 73.0303878784 73.0303878784
75.7949447632 74.4126663208 76.0253219604 76.4860839844 75.5645599365 78.7898788452 84.0886154175 83.6278533936 79.9417800903 81.3240585327 83.6278533936 80.1721572876 75.5645599365 74.4126663208 74.8734207153 78.3291168213 85.4708938599 86.6227951050 77.8683624268 70.4962081909 71.4177246094 72.5696258545
75.1038055420 82.2455749512 85.7012710571 79.2506408691 76.0253219604 79.0202560425 79.7113952637 78.5595016479 78.7898788452 74.6430435181 66.3493728638 64.2759552002 70.2658309937 77.4076004028 79.7113952637 78.0987396240 76.4860839844 75.1038055420 70.9569702148 67.5012741089 70.9569702148 73.4911422729
78.7898788452 85.2405166626 87.0835494995 79.2506408691 74.6430435181 76.9468383789 77.1772232056 75.5645599365 73.9519042969 67.5012741089 59.8987388611 61.7417755127 72.5696258545 80.4025344849 80.1721572876 75.3341827393 70.4962081909 68.6531677246 70.9569702148 73.9519042969 76.4860839844 78.0987396240
78.5595016479 81.3240585327 82.0151977539 76.7164611816 73.9519042969 76.4860839844 77.8683624268 75.1038055420 70.7265853882 68.8835525513 71.8784866333 75.7949447632 78.0987396240 78.5595016479 76.9468383789 72.8000030518 69.3443069458 69.8050689697 74.1822814941 81.5544357300 86.8531723022 87.3139343262
74.4126663208 76.9468383789 80.8632965088 76.9468383789 75.5645599365 80.6329193115 80.8632965088 76.2556991577 74.8734207153 77.1772232056 81.7848129272 84.5493774414 80.8632965088 75.7949447632 75.5645599365 74.8734207153 73.0303878784 73.7215270996 76.7164611816 82.4759521484 90.7696304321 91.9215240479
75.7949447632 74.6430435181 79.7113952637 79.2506408691 77.8683624268 82.4759521484 81.5544357300 77.8683624268 82.0151977539 84.5493774414 81.7848129272 82.2455749512 80.6329193115 75.7949447632 76.7164611816 79.0202560425 77.6379776001 77.8683624268 79.9417800903 81.0936737061 83.8582382202 83.3974761963
81.5544357300 75.5645599365 75.5645599365 79.9417800903 78.7898788452 76.2556991577 76.0253219604 78.3291168213 84.5493774414 85.7012710571 79.9417800903 78.3291168213 79.9417800903 77.8683624268 77.4076004028 79.9417800903 79.2506408691 78.5595016479 80.6329193115 79.9417800903 75.3341827393 70.7265853882
77.4076004028 78.5595016479 78.7898788452 83.3974761963 78.5595016479 69.5746917725 70.7265853882 76.9468383789 80.4025344849 81.7848129272 79.4810180664 77.8683624268 80.1721572876 79.9417800903 78.5595016479 80.4025344849 79.0202560425 74.4126663208 77.1772232056 79.4810180664 73.4911422729 68.8835525513
